#another attempt
8
[5, 10, 20, 50, 100, 200, 450, 1000]
[1, 4, 6, 16, 24, 32, 36, 40]
50
greedy
1025
#another attempt
8
[5, 10, 20, 50, 100, 200, 450, 1000]
[1, 4, 6, 16, 24, 32, 36, 40]
48
#another attempt
8
[5, 10, 20, 50, 100, 200, 450, 1000]
[1, 4, 6, 16, 24, 32, 36, 40]
50
greedy
1025
#another attempt
8
[309, 1076, 836, 1288, 1313, 78, 778, 1248]
[1055, 467, 1031, 855, 113, 659, 105, 373]
50
greedy
0
#another attempt
8
[309, 1076, 836, 1288, 1313, 78, 778, 1248]
[1055, 467, 1031, 855, 113, 659, 105, 373]
50
brute
0
#another attempt
8
[309, 1076, 836, 1288, 1313, 78, 778, 1248]
[1055, 467, 1031, 855, 113, 659, 105, 373]
5000
brute
6926
#another attempt
8
[1436, 769, 1343, 341, 1380, 224, 388, 1251]
[76, 861, 1080, 659, 825, 933, 311, 1073]
1500
brute
3204
#another attempt
8
[1436, 769, 1343, 341, 1380, 224, 388, 1251]
[76, 861, 1080, 659, 825, 933, 311, 1073]
1500
greedy
3204
#another attempt
8
[1436, 769, 1343, 341, 1380, 224, 388, 1251]
[76, 861, 1080, 659, 825, 933, 311, 1073]
1500
dynamic
3204
#another attempt
8
[146, 833, 1323, 993, 992, 1344, 95, 605]
[643, 1244, 598, 1014, 16, 1381, 296, 1391]
3500
brute
4747
#another attempt
8
[146, 833, 1323, 993, 992, 1344, 95, 605]
[643, 1244, 598, 1014, 16, 1381, 296, 1391]
3500
greedy
4747
#another attempt
8
[146, 833, 1323, 993, 992, 1344, 95, 605]
[643, 1244, 598, 1014, 16, 1381, 296, 1391]
3500
dynamic
4747
#another attempt
8
[146, 833, 1323, 993, 992, 1344, 95, 605]
[643, 1244, 598, 1014, 16, 1381, 296, 1391]
4500
brute
5485
#another attempt
8
[146, 833, 1323, 993, 992, 1344, 95, 605]
[643, 1244, 598, 1014, 16, 1381, 296, 1391]
4500
greedy
5485
#another attempt
8
[146, 833, 1323, 993, 992, 1344, 95, 605]
[643, 1244, 598, 1014, 16, 1381, 296, 1391]
4500
dynamic
5485
#another attempt
8
[757, 507, 294, 1352, 573, 1379, 524, 863]
[1127, 1465, 1142, 1173, 624, 549, 149, 1317]
2800
brute
3828
#another attempt
8
[757, 507, 294, 1352, 573, 1379, 524, 863]
[1127, 1465, 1142, 1173, 624, 549, 149, 1317]
2800
greedy
3828
#another attempt
8
[757, 507, 294, 1352, 573, 1379, 524, 863]
[1127, 1465, 1142, 1173, 624, 549, 149, 1317]
2800
dynamic
3828
#another attempt
8
[905, 503, 399, 168, 726, 1061, 1327, 120]
[1332, 416, 801, 556, 1289, 579, 224, 422]
6500
brute
5209
#another attempt
8
[905, 503, 399, 168, 726, 1061, 1327, 120]
[1332, 416, 801, 556, 1289, 579, 224, 422]
6500
greedy
5209
#another attempt
8
[905, 503, 399, 168, 726, 1061, 1327, 120]
[1332, 416, 801, 556, 1289, 579, 224, 422]
6500
dynamic
5209
#another attempt
8
[905, 503, 399, 168, 726, 1061, 1327, 120]
[1332, 416, 801, 556, 1289, 579, 224, 422]
8500
brute
5209
#another attempt
8
[905, 503, 399, 168, 726, 1061, 1327, 120]
[1332, 416, 801, 556, 1289, 579, 224, 422]
8500
greedy
5209
#another attempt
8
[905, 503, 399, 168, 726, 1061, 1327, 120]
[1332, 416, 801, 556, 1289, 579, 224, 422]
1500
brute
2891
#another attempt
8
[905, 503, 399, 168, 726, 1061, 1327, 120]
[1332, 416, 801, 556, 1289, 579, 224, 422]
1500
greedy
2891
#another attempt
8
[905, 503, 399, 168, 726, 1061, 1327, 120]
[1332, 416, 801, 556, 1289, 579, 224, 422]
1500
dynamic
2891
#another attempt
8
[905, 503, 399, 168, 726, 1061, 1327, 120]
[1332, 416, 801, 556, 1289, 579, 224, 422]
2000
brute
3059
#another attempt
8
[905, 503, 399, 168, 726, 1061, 1327, 120]
[1332, 416, 801, 556, 1289, 579, 224, 422]
2000
greedy
3059
#another attempt
8
[905, 503, 399, 168, 726, 1061, 1327, 120]
[1332, 416, 801, 556, 1289, 579, 224, 422]
2000
dynamic
3059
#another attempt
8
[905, 503, 399, 168, 726, 1061, 1327, 120]
[1332, 416, 801, 556, 1289, 579, 224, 422]
500
brute
1327
#another attempt
8
[905, 503, 399, 168, 726, 1061, 1327, 120]
[1332, 416, 801, 556, 1289, 579, 224, 422]
500
greedy
1327
#another attempt
8
[905, 503, 399, 168, 726, 1061, 1327, 120]
[1332, 416, 801, 556, 1289, 579, 224, 422]
500
dynamic
1327
#another attempt
8
[643, 1068, 1421, 118, 730, 83, 763, 737]
[947, 1067, 442, 1497, 1295, 486, 1202, 1335]
1500
brute
2064
#another attempt
8
[643, 1068, 1421, 118, 730, 83, 763, 737]
[947, 1067, 442, 1497, 1295, 486, 1202, 1335]
1500
greedy
2064
#another attempt
8
[643, 1068, 1421, 118, 730, 83, 763, 737]
[947, 1067, 442, 1497, 1295, 486, 1202, 1335]
1500
dynamic
2064
#another attempt
8
[484, 425, 20, 256, 389, 218, 392, 6]
[314, 67, 239, 120, 12, 93, 134, 419]
250
brute
1206
#another attempt
8
[484, 425, 20, 256, 389, 218, 392, 6]
[314, 67, 239, 120, 12, 93, 134, 419]
250
greedy
1206
#another attempt
8
[484, 425, 20, 256, 389, 218, 392, 6]
[314, 67, 239, 120, 12, 93, 134, 419]
250
dynamic
1206
#another attempt
8
[484, 425, 20, 256, 389, 218, 392, 6]
[314, 67, 239, 120, 12, 93, 134, 419]
200
brute
1070
#another attempt
8
[484, 425, 20, 256, 389, 218, 392, 6]
[314, 67, 239, 120, 12, 93, 134, 419]
200
greedy
1032
#another attempt
8
[484, 425, 20, 256, 389, 218, 392, 6]
[314, 67, 239, 120, 12, 93, 134, 419]
200
dynamic
1070
#another attempt
8
[207, 345, 466, 47, 480, 104, 242, 334]
[434, 252, 210, 31, 100, 232, 487, 113]
500
brute
1327
#another attempt
8
[207, 345, 466, 47, 480, 104, 242, 334]
[434, 252, 210, 31, 100, 232, 487, 113]
500
greedy
1327
#another attempt
8
[207, 345, 466, 47, 480, 104, 242, 334]
[434, 252, 210, 31, 100, 232, 487, 113]
500
dynamic
1327
#another attempt
8
[315, 381, 492, 28, 343, 72, 426, 461]
[86, 337, 5, 441, 500, 121, 319, 100]
250
brute
1268
#another attempt
8
[315, 381, 492, 28, 343, 72, 426, 461]
[86, 337, 5, 441, 500, 121, 319, 100]
250
greedy
1268
#another attempt
8
[315, 381, 492, 28, 343, 72, 426, 461]
[86, 337, 5, 441, 500, 121, 319, 100]
250
dynamic
1268
#another attempt
8
[315, 381, 492, 28, 343, 72, 426, 461]
[86, 337, 5, 441, 500, 121, 319, 100]
260
brute
1268
#another attempt
8
[315, 381, 492, 28, 343, 72, 426, 461]
[86, 337, 5, 441, 500, 121, 319, 100]
260
greedy
1268
#another attempt
8
[315, 381, 492, 28, 343, 72, 426, 461]
[86, 337, 5, 441, 500, 121, 319, 100]
260
dynamic
1268
#another attempt
8
[315, 381, 492, 28, 343, 72, 426, 461]
[86, 337, 5, 441, 500, 121, 319, 100]
50
brute
492
#another attempt
8
[315, 381, 492, 28, 343, 72, 426, 461]
[86, 337, 5, 441, 500, 121, 319, 100]
50
greedy
492
#another attempt
8
[315, 381, 492, 28, 343, 72, 426, 461]
[86, 337, 5, 441, 500, 121, 319, 100]
50
dynamic
492
